EventID	TrackID	TotalTrackLength_mm	FinalVolume
0	1	52.322	Pb2
0	2	32.480	Pb2
0	3	65.147	Pb2
0	4	56.080	Pb2
0	5	77.190	Pb2
0	6	67.128	Pb2
0	7	34.281	Pb2
0	8	95.928	Pb2
0	9	22.147	Pb2
0	10	23.439	Pb2
0	11	5.685	Pb2
0	12	10.906	Pb2
0	13	8.176	Pb2
0	14	56.823	Pb2
0	15	68.806	Pb2
0	16	31.140	Pb2
0	17	40.352	Pb2
0	18	7.155	Pb2
0	19	34.893	Pb2
0	20	13.178	Pb2
0	21	33.436	Pb2
0	22	28.914	Pb2
0	23	30.780	Pb2
0	24	31.269	Pb2
0	25	19.589	Pb2
0	26	37.540	Pb2
0	27	4.767	Pb2
0	28	18.183	Pb2
0	29	15.973	Pb2
0	30	23.223	Pb2
0	31	11.435	Pb2
0	32	23.726	Pb2
0	33	33.804	Pb2
0	34	47.064	Pb2
0	35	16.820	Pb2
0	36	53.911	Pb2
0	37	35.614	Pb2
0	38	49.565	Pb2
0	39	28.075	Pb2
0	40	41.584	Pb2
0	41	6.015	Pb2
0	42	55.084	Pb2
0	43	97.280	Pb2
0	44	15.992	Pb2
0	45	71.949	Pb2
0	46	13.322	Pb2
0	47	22.641	Pb2
0	48	4.051	Pb2
0	49	9.564	Pb2
0	50	20.302	Pb2
0	51	29.961	Pb2
0	52	63.102	Pb2
0	53	1.061	Pb2
0	54	10.038	Pb2
0	55	19.049	Pb2
0	56	15.101	Pb2
0	57	3.903	Pb2
0	58	4.413	Pb2
0	59	23.895	Pb2
0	60	22.721	Pb2
0	61	20.198	Pb2
0	62	47.403	Pb2
0	63	14.641	Pb2
0	64	6.856	Pb2
0	65	100.478	Pb2
0	66	44.045	Pb2
0	67	42.762	Pb2
0	68	14.678	Pb2
0	69	14.993	Pb2
0	70	50.382	Pb2
0	71	10.468	Pb2
0	72	6.117	Pb2
0	73	14.326	Pb2
0	74	42.377	Pb2
0	75	6.710	Pb2
0	76	44.617	Pb2
0	77	32.306	Pb2
0	78	20.542	Pb2
0	79	10.293	Pb2
0	80	14.482	Pb2
0	81	19.978	Pb2
0	82	4.312	Pb2
0	83	40.270	Pb2
0	84	20.275	Pb2
0	85	33.616	Pb2
0	86	58.184	Pb2
0	87	31.184	Pb2
0	88	12.309	Pb2
0	89	25.439	Pb2
0	90	0.303	Unknown
0	91	4.125	Pb2
0	92	3.102	Pb2
0	93	5.884	Pb2
0	94	57.435	Pb2
0	95	11.930	Pb2
0	96	3.982	Pb2
0	97	3.048	Pb2
0	98	22.901	Pb2
0	99	33.071	Pb2
0	100	0.036	Pb2
0	101	35.826	Pb2
0	102	26.945	Pb2
0	103	75.227	Pb2
0	104	9.744	Pb2
0	105	41.092	Pb2
0	106	107.727	Pb2
0	107	42.952	Pb2
0	108	56.985	Pb2
0	109	31.411	Pb2
0	110	19.884	Pb2
0	111	4.229	Pb2
0	112	37.952	Pb2
0	113	41.869	Pb2
0	114	17.393	Pb2
0	115	25.717	Pb2
0	116	31.714	Pb2
0	117	25.586	Pb2
0	118	24.279	Pb2
0	119	12.588	Pb2
0	120	2.730	Pb2
0	121	23.655	Pb2
0	122	3.498	Pb2
0	123	15.104	Pb2
0	124	16.346	Pb2
0	125	4.424	Pb2
0	126	60.690	Pb2
0	127	62.787	Pb2
0	128	33.648	Pb2
0	129	24.748	Pb2
0	130	14.522	Pb2
0	131	24.264	Pb2
0	132	28.348	Pb2
0	133	38.197	Pb2
0	134	5.993	Pb2
0	135	17.604	Pb2
0	136	16.273	Pb2
0	137	28.488	Pb2
0	138	25.701	Pb2
0	139	57.289	Pb2
0	140	16.156	Pb2
0	141	0.713	Pb2
0	142	53.015	Pb2
0	143	10.322	Pb2
0	144	59.835	Pb2
0	145	10.740	Pb2
0	146	39.489	Pb2
0	147	47.918	Pb2
0	148	27.488	Pb2
0	149	58.999	Pb2
0	150	2.100	Pb2
0	151	30.475	Pb2
0	152	12.767	Pb2
0	153	70.604	Pb2
0	154	4.172	Pb2
0	155	54.666	Pb2
0	156	5.324	Pb2
0	157	18.004	Pb2
0	158	14.485	Pb2
0	159	43.647	Pb2
0	160	10.531	Pb2
0	161	10.486	Pb2
0	162	21.136	Pb2
0	163	25.212	Pb2
0	164	26.199	Pb2
0	165	18.483	Pb2
0	166	50.866	Pb2
0	167	6.182	Pb2
0	168	13.392	Pb2
0	169	27.138	Pb2
0	170	42.086	Pb2
0	171	93.207	Pb2
0	172	6.950	Pb2
0	173	14.807	Pb2
0	174	10.212	Pb2
0	175	15.557	Pb2
0	176	38.081	Pb2
0	177	46.103	Pb2
0	178	15.995	Pb2
0	179	59.916	Pb2
0	180	14.083	Pb2
0	181	36.692	Pb2
0	182	11.938	Pb2
0	183	12.773	Pb2
0	184	17.225	Pb2
0	185	7.167	Pb2
0	186	23.335	Pb2
0	187	17.931	Pb2
0	188	60.987	Pb2
0	189	26.560	Pb2
0	190	22.847	Pb2
0	191	77.299	Pb2
0	192	78.908	Pb2
0	193	51.163	Pb2
0	194	68.998	Pb2
0	195	13.967	Pb2
0	196	14.943	Pb2
0	197	40.806	Pb2
0	198	15.371	Pb2
0	199	9.912	Pb2
0	200	23.255	Pb2
0	201	5.155	Pb2
0	202	50.720	Pb2
0	203	6.637	Pb2
0	204	2.764	Pb2
0	205	10.990	Pb2
0	206	97.376	Pb2
0	207	45.411	Pb2
0	208	6.343	Pb2
0	209	55.011	Pb2
0	210	20.996	Pb2
0	211	11.032	Pb2
0	212	6.315	Pb2
0	213	33.791	Pb2
0	214	22.868	Pb2
0	215	36.722	Pb2
0	216	30.328	Pb2
0	217	98.509	Pb2
0	218	62.551	Pb2
0	219	30.402	Pb2
0	220	6.299	Pb2
0	221	8.524	Pb2
0	222	62.443	Pb2
0	223	28.517	Pb2
0	224	8.242	Pb2
0	225	162.483	Pb2
0	226	66.668	Pb2
0	227	78.564	Pb2
0	228	38.030	Pb2
0	229	37.897	Pb2
0	230	39.774	Pb2
0	231	54.157	Pb2
0	232	29.196	Pb2
0	233	0.052	Pb2
0	234	52.377	Pb2
0	235	7.005	Pb2
0	236	26.921	Pb2
0	237	63.069	Pb2
0	238	6.077	Unknown
0	239	45.703	Pb2
0	240	11.264	Pb2
0	241	28.348	Pb2
0	242	20.114	Pb2
0	243	61.577	Pb2
0	244	2.964	Unknown
0	245	18.899	Pb2
0	246	36.982	Pb2
0	247	37.753	Pb2
0	248	6.695	Pb2
0	249	83.693	Pb2
0	250	78.343	Pb2
0	251	48.424	Pb2
0	252	29.968	Pb2
0	253	9.790	Pb2
0	254	34.504	Pb2
0	255	10.741	Pb2
0	256	15.159	Pb2
0	257	12.438	Pb2
0	258	56.181	Pb2
0	259	2.513	Pb2
0	260	8.588	Pb2
0	261	42.200	Pb2
0	262	10.058	Unknown
0	263	33.870	Pb2
0	264	15.297	Pb2
0	265	28.757	Pb2
0	266	31.223	Pb2
0	267	9.883	Pb2
0	268	4.119	Pb2
0	269	72.838	Pb2
0	270	43.588	Pb2
0	271	25.918	Pb2
0	272	14.649	Pb2
0	273	47.591	Pb2
0	274	49.170	Pb2
0	275	6.885	Pb2
0	276	115.450	Pb2
0	277	57.973	Pb2
0	278	9.883	Pb2
0	279	29.597	Pb2
0	280	32.138	Pb2
0	281	7.286	Pb2
0	282	0.023	Pb2
0	283	9.938	Pb2
0	284	45.275	Pb2
0	285	39.107	Pb2
0	286	7.250	Pb2
0	287	41.786	Pb2
0	288	3.750	Pb2
0	289	18.660	Pb2
0	290	46.249	Pb2
0	291	21.904	Pb2
0	292	13.987	Pb2
0	293	38.617	Pb2
0	294	14.277	Pb2
0	295	9.011	Pb2
0	296	6.546	Pb2
0	297	109.902	Pb2
0	298	7.020	Pb2
0	299	130.720	Pb2
0	300	2.612	Pb2
0	301	6.477	Pb2
0	302	13.405	Pb2
0	303	23.123	Pb2
0	304	12.968	Pb2
0	305	116.271	Pb2
0	306	7.967	Pb2
0	307	79.648	Pb2
0	308	85.110	Pb2
0	309	30.365	Pb2
0	310	5.853	Pb2
0	311	10.219	Pb2
0	312	8.760	Pb2
0	313	28.086	Pb2
0	314	79.993	Pb2
0	315	33.751	Pb2
0	316	3.995	Pb2
0	317	15.701	Pb2
0	318	22.675	Pb2
0	319	32.325	Pb2
0	320	7.849	Pb2
0	321	2.526	Pb2
0	322	49.336	Pb2
0	323	11.127	Pb2
0	324	16.904	Pb2
0	325	48.530	Pb2
0	326	18.968	Pb2
0	327	42.308	Pb2
0	328	20.806	Pb2
0	329	27.551	Pb2
0	330	33.003	Pb2
0	331	39.954	Pb2
0	332	9.215	Pb2
0	333	8.052	Pb2
0	334	76.347	Pb2
0	335	10.424	Pb2
0	336	15.382	Pb2
0	337	21.067	Pb2
0	338	17.713	Pb2
0	339	7.339	Pb2
0	340	18.900	Pb2
0	341	42.935	Pb2
0	342	21.480	Pb2
0	343	21.310	Pb2
0	344	24.953	Pb2
0	345	8.825	Pb2
0	346	2.208	Pb2
0	347	11.105	Pb2
0	348	43.962	Pb2
0	349	50.147	Pb2
0	350	51.749	Pb2
0	351	2.557	Pb2
0	352	14.044	Pb2
0	353	91.780	Pb2
0	354	11.289	Pb2
0	355	37.424	Pb2
0	356	9.647	Pb2
0	357	18.091	Pb2
0	358	22.749	Pb2
0	359	13.110	Pb2
0	360	25.447	Pb2
0	361	14.152	Pb2
0	362	9.240	Pb2
0	363	14.841	Pb2
0	364	60.471	Pb2
0	365	18.335	Pb2
0	366	44.478	Pb2
0	367	31.976	Pb2
0	368	28.750	Pb2
0	369	60.929	Pb2
0	370	25.853	Pb2
0	371	6.846	Pb2
0	372	38.839	Pb2
0	373	43.230	Pb2
0	374	32.247	Pb2
0	375	5.934	Pb2
0	376	13.240	Pb2
0	377	8.225	Pb2
0	378	2.620	Pb2
0	379	10.605	Pb2
0	380	72.432	Pb2
0	381	146.478	Pb2
0	382	51.300	Pb2
0	383	50.710	Pb2
0	384	36.864	Pb2
0	385	0.952	Unknown
0	386	43.744	Pb2
0	387	58.029	Pb2
0	388	2.612	Unknown
0	389	16.669	Pb2
0	390	21.401	Pb2
0	391	1.608	Pb2
0	392	65.355	Pb2
0	393	15.847	Pb2
0	394	20.121	Pb2
0	395	24.264	Pb2
0	396	12.395	Pb2
0	397	16.804	Pb2
0	398	16.010	Pb2
0	399	28.603	Pb2
0	400	16.702	Pb2
0	401	176.330	Pb2
0	402	14.527	Pb2
0	403	10.726	Pb2
0	404	39.520	Pb2
0	405	30.423	Pb2
0	406	14.078	Pb2
0	407	60.812	Pb2
0	408	21.679	Pb2
0	409	30.626	Pb2
0	410	8.083	Pb2
0	411	65.101	Pb2
0	412	11.986	Pb2
0	413	0.968	Unknown
0	414	7.294	Pb2
0	415	38.993	Pb2
0	416	61.009	Pb2
0	417	7.637	Pb2
0	418	27.531	Pb2
0	419	7.481	Pb2
0	420	14.739	Pb2
0	421	18.572	Pb2
0	422	26.425	Pb2
0	423	19.538	Pb2
0	424	1.492	Pb2
0	425	4.209	Unknown
0	426	38.710	Pb2
0	427	10.327	Pb2
0	428	58.033	Pb2
0	429	45.783	Pb2
0	430	40.761	Pb2
0	431	22.818	Pb2
0	432	30.568	Pb2
0	433	34.367	Pb2
0	434	22.092	Pb2
0	435	16.936	Pb2
0	436	12.444	Pb2
0	437	46.679	Pb2
0	438	20.326	Pb2
0	439	33.943	Pb2
0	440	22.204	Pb2
0	441	20.027	Pb2
0	442	4.611	Pb2
0	443	21.407	Pb2
0	444	26.811	Pb2
0	445	38.554	Pb2
0	446	15.652	Pb2
0	447	35.495	Pb2
0	448	67.865	Pb2
0	449	47.980	Pb2
0	450	11.553	Pb2
0	451	16.633	Pb2
0	452	11.361	Pb2
0	453	9.029	Pb2
0	454	9.920	Pb2
0	455	25.725	Pb2
0	456	16.213	Pb2
0	457	20.715	Pb2
0	458	24.506	Pb2
0	459	1.790	Pb2
0	460	8.046	Pb2
0	461	21.076	Pb2
0	462	25.601	Pb2
0	463	5.270	Pb2
0	464	10.335	Pb2
0	465	2.871	Pb2
0	466	58.371	Pb2
0	467	1.052	Pb2
0	468	26.174	Pb2
0	469	1.173	Pb2
0	470	8.244	Pb2
0	471	1.963	Pb2
0	472	34.761	Pb2
0	473	6.323	Pb2
0	474	8.161	Pb2
0	475	50.798	Pb2
0	476	6.158	Pb2
0	477	27.190	Pb2
0	478	26.030	Pb2
0	479	63.418	Pb2
0	480	17.461	Pb2
0	481	39.797	Pb2
0	482	7.458	Pb2
0	483	0.559	Unknown
0	484	24.394	Pb2
0	485	26.576	Pb2
0	486	13.550	Pb2
0	487	22.092	Pb2
0	488	29.364	Pb2
0	489	36.913	Pb2
0	490	30.251	Pb2
0	491	18.612	Pb2
0	492	12.269	Pb2
0	493	15.292	Pb2
0	494	67.249	Pb2
0	495	27.259	Pb2
0	496	7.783	Pb2
0	497	19.913	Pb2
0	498	73.611	Pb2
0	499	21.651	Pb2
0	500	1.627	Pb2
0	501	57.485	Pb2
0	502	48.893	Pb2
0	503	109.074	Pb2
0	504	16.761	Pb2
0	505	29.159	Pb2
0	506	34.039	Pb2
0	507	3.996	Pb2
0	508	7.751	Pb2
0	509	20.490	Pb2
0	510	18.019	Pb2
0	511	44.438	Pb2
0	512	20.701	Pb2
0	513	33.070	Pb2
0	514	7.839	Pb2
0	515	2.565	Pb2
0	516	17.117	Pb2
0	517	12.892	Pb2
0	518	17.888	Pb2
0	519	23.785	Pb2
0	520	15.292	Pb2
0	521	37.767	Pb2
0	522	30.007	Pb2
0	523	16.205	Pb2
0	524	18.184	Pb2
0	525	45.934	Pb2
0	526	43.821	Pb2
0	527	22.621	Pb2
0	528	25.143	Pb2
0	529	184.671	Pb2
0	530	30.785	Pb2
0	531	16.582	Pb2
0	532	117.054	Pb2
0	533	8.725	Pb2
0	534	15.695	Pb2
0	535	8.724	Pb2
0	536	10.151	Pb2
0	537	61.506	Pb2
0	538	24.248	Pb2
0	539	19.721	Pb2
0	540	28.375	Pb2
0	541	37.622	Pb2
0	542	45.971	Pb2
0	543	57.541	Pb2
0	544	2.429	Pb2
0	545	33.855	Pb2
0	546	1.304	Pb2
0	547	4.001	Pb2
0	548	14.151	Pb2
0	549	48.737	Pb2
0	550	54.883	Pb2
0	551	32.957	Pb2
0	552	57.988	Pb2
0	553	5.266	Pb2
0	554	12.194	Pb2
0	555	47.317	Pb2
0	556	6.718	Pb2
0	557	15.236	Pb2
0	558	78.375	Pb2
0	559	18.950	Pb2
0	560	6.004	Pb2
0	561	7.320	Pb2
0	562	27.570	Pb2
0	563	4.546	Pb2
0	564	57.331	Pb2
0	565	23.897	Pb2
0	566	105.408	Pb2
0	567	21.526	Pb2
0	568	33.596	Pb2
0	569	54.388	Pb2
0	570	53.228	Pb2
0	571	46.977	Pb2
0	572	9.044	Pb2
0	573	1.198	Unknown
0	574	22.797	Pb2
0	575	102.187	Pb2
0	576	26.102	Pb2
0	577	10.705	Pb2
0	578	24.319	Pb2
0	579	44.203	Pb2
0	580	56.904	Pb2
0	581	3.823	Pb2
0	582	6.932	Pb2
0	583	10.479	Pb2
0	584	13.212	Pb2
0	585	25.205	Pb2
0	586	10.441	Pb2
0	587	62.624	Pb2
0	588	32.846	Pb2
0	589	9.424	Pb2
0	590	83.553	Pb2
0	591	79.256	Pb2
0	592	1.832	Pb2
0	593	18.312	Pb2
0	594	48.389	Pb2
0	595	41.467	Pb2
0	596	59.609	Pb2
0	597	36.527	Pb2
0	598	25.267	Pb2
0	599	42.694	Pb2
0	600	89.122	Pb2
0	601	74.558	Pb2
0	602	0.886	Unknown
0	603	10.070	Pb2
0	604	44.220	Pb2
0	605	13.240	Pb2
0	606	81.725	Pb2
0	607	9.189	Pb2
0	608	35.969	Pb2
0	609	5.071	Pb2
0	610	10.345	Pb2
0	611	3.528	Pb2
0	612	65.807	Pb2
0	613	8.429	Pb2
0	614	43.191	Pb2
0	615	34.892	Pb2
0	616	58.616	Pb2
0	617	26.888	Pb2
0	618	68.642	Pb2
0	619	47.739	Pb2
0	620	41.209	Pb2
0	621	17.658	Pb2
0	622	11.367	Pb2
0	623	16.993	Pb2
0	624	8.491	Pb2
0	625	59.462	Pb2
0	626	5.742	Pb2
0	627	17.886	Pb2
0	628	33.833	Pb2
0	629	156.587	Pb2
0	630	40.156	Pb2
0	631	22.762	Pb2
0	632	9.335	Pb2
0	633	52.178	Pb2
0	634	22.117	Pb2
0	635	10.738	Pb2
0	636	11.926	Pb2
0	637	33.199	Pb2
0	638	52.541	Pb2
0	639	7.349	Pb2
0	640	28.617	Pb2
0	641	35.413	Pb2
0	642	14.408	Pb2
0	643	6.998	Pb2
0	644	5.608	Pb2
0	645	94.770	Pb2
0	646	7.586	Pb2
0	647	80.480	Pb2
0	648	9.401	Pb2
0	649	2.051	Pb2
0	650	29.024	Pb2
0	651	75.532	Pb2
0	652	60.818	Pb2
0	653	89.850	Pb2
0	654	20.913	Pb2
0	655	87.821	Pb2
0	656	32.743	Pb2
0	657	9.961	Unknown
0	658	16.897	Pb2
0	659	6.514	Pb2
0	660	6.347	Pb2
0	661	47.012	Pb2
0	662	100.216	Pb2
0	663	4.025	Pb2
0	664	18.745	Pb2
0	665	69.421	Pb2
0	666	40.611	Pb2
0	667	0.628	Pb2
0	668	56.820	Pb2
0	669	7.876	Pb2
0	670	41.121	Pb2
0	671	44.760	Pb2
0	672	9.564	Pb2
0	673	22.740	Pb2
0	674	12.157	Pb2
0	675	1.296	Pb2
0	676	37.521	Pb2
0	677	11.111	Pb2
0	678	2.797	Unknown
0	679	3.395	Pb2
0	680	31.680	Pb2
0	681	10.125	Pb2
0	682	1.857	Pb2
0	683	24.642	Pb2
0	684	9.529	Pb2
0	685	4.029	Pb2
0	686	21.616	Pb2
0	687	17.661	Pb2
0	688	121.807	Pb2
0	689	11.244	Pb2
0	690	5.458	Pb2
0	691	32.559	Pb2
0	692	27.309	Pb2
0	693	18.476	Pb2
0	694	9.258	Pb2
0	695	64.087	Pb2
0	696	6.241	Pb2
0	697	37.345	Pb2
0	698	25.949	Pb2
0	699	52.789	Pb2
0	700	9.908	Pb2
0	701	3.220	Pb2
0	702	4.713	Pb2
0	703	65.348	Pb2
0	704	42.571	Pb2
0	705	6.234	Pb2
0	706	3.401	Pb2
0	707	61.810	Pb2
0	708	17.057	Pb2
0	709	11.101	Pb2
0	710	56.014	Pb2
0	711	44.686	Pb2
0	712	24.437	Pb2
0	713	79.191	Pb2
0	714	27.378	Pb2
0	715	21.661	Pb2
0	716	17.637	Pb2
0	717	27.706	Pb2
0	718	51.156	Pb2
0	719	81.791	Pb2
0	720	61.395	Pb2
0	721	21.915	Pb2
0	722	65.439	Pb2
0	723	42.715	Pb2
0	724	20.662	Pb2
0	725	32.482	Pb2
0	726	37.043	Pb2
0	727	42.927	Pb2
0	728	14.745	Pb2
0	729	2.073	Pb2
0	730	62.617	Pb2
0	731	38.551	Pb2
0	732	26.417	Pb2
0	733	75.556	Pb2
0	734	29.015	Pb2
0	735	2.769	Pb2
0	736	11.139	Pb2
0	737	39.519	Pb2
0	738	23.940	Pb2
0	739	9.753	Pb2
0	740	51.965	Pb2
0	741	11.941	Pb2
0	742	37.390	Pb2
0	743	15.057	Pb2
0	744	10.300	Pb2
0	745	8.182	Pb2
0	746	38.625	Pb2
0	747	33.599	Pb2
0	748	4.659	Pb2
0	749	2.782	Pb2
0	750	63.138	Pb2
0	751	5.881	Pb2
0	752	18.831	Pb2
0	753	23.754	Pb2
0	754	46.496	Pb2
0	755	14.031	Pb2
0	756	11.426	Pb2
0	757	47.229	Pb2
0	758	28.991	Pb2
0	759	7.821	Pb2
0	760	6.620	Pb2
0	761	39.701	Pb2
0	762	34.333	Pb2
0	763	65.372	Pb2
0	764	10.199	Pb2
0	765	104.000	Pb2
0	766	1.762	Pb2
0	767	25.124	Pb2
0	768	32.449	Pb2
0	769	37.933	Pb2
0	770	21.265	Pb2
0	771	1.138	Pb2
0	772	4.157	Unknown
0	773	32.477	Pb2
0	774	21.238	Pb2
0	775	5.905	Pb2
0	776	6.976	Pb2
0	777	28.138	Pb2
0	778	6.739	Pb2
0	779	9.122	Pb2
0	780	21.633	Pb2
0	781	25.547	Pb2
0	782	4.011	Pb2
0	783	4.395	Pb2
0	784	103.661	Pb2
0	785	66.745	Pb2
0	786	53.525	Pb2
0	787	7.582	Pb2
0	788	8.885	Pb2
0	789	10.997	Pb2
0	790	3.871	Pb2
0	791	58.436	Pb2
0	792	46.507	Pb2
0	793	13.919	Pb2
0	794	55.189	Pb2
0	795	82.734	Pb2
0	796	15.821	Pb2
0	797	17.325	Pb2
0	798	22.621	Pb2
0	799	49.532	Pb2
0	800	6.580	Pb2
0	801	35.765	Pb2
0	802	17.226	Pb2
0	803	35.794	Pb2
0	804	90.446	Pb2
0	805	28.330	Pb2
0	806	43.225	Pb2
0	807	160.836	Pb2
0	808	1.541	Pb2
0	809	8.299	Pb2
0	810	25.729	Pb2
0	811	34.443	Pb2
0	812	22.188	Pb2
0	813	7.290	Pb2
0	814	4.357	Pb2
0	815	54.603	Pb2
0	816	23.367	Pb2
0	817	1.401	Unknown
0	818	40.400	Pb2
0	819	16.065	Pb2
0	820	11.249	Pb2
0	821	2.103	Pb2
0	822	0.854	Pb2
0	823	2.713	Pb2
0	824	20.037	Pb2
0	825	8.766	Pb2
0	826	12.347	Pb2
0	827	3.790	Pb2
0	828	35.534	Pb2
0	829	3.617	Pb2
0	830	3.603	Pb2
0	831	5.710	Pb2
0	832	26.941	Pb2
0	833	84.766	Pb2
0	834	18.593	Pb2
0	835	49.576	Pb2
0	836	0.054	Unknown
0	837	3.017	Pb2
0	838	16.946	Pb2
0	839	111.636	Pb2
0	840	6.990	Pb2
0	841	26.417	Pb2
0	842	28.991	Pb2
0	843	14.520	Pb2
0	844	23.447	Pb2
0	845	27.589	Pb2
0	846	2.676	Pb2
0	847	30.907	Pb2
0	848	19.644	Pb2
0	849	6.918	Pb2
0	850	35.153	Pb2
0	851	5.253	Pb2
0	852	15.526	Pb2
0	853	50.621	Pb2
0	854	29.292	Pb2
0	855	19.946	Pb2
0	856	16.593	Pb2
0	857	50.066	Pb2
0	858	65.264	Pb2
0	859	10.345	Pb2
0	860	4.098	Pb2
0	861	3.366	Pb2
0	862	18.246	Pb2
0	863	28.786	Pb2
0	864	46.640	Pb2
0	865	15.911	Pb2
0	866	2.269	Pb2
0	867	3.496	Pb2
0	868	0.532	Unknown
0	869	31.169	Pb2
0	870	11.967	Pb2
0	871	28.011	Pb2
0	872	31.371	Pb2
0	873	12.530	Pb2
0	874	31.380	Pb2
0	875	8.242	Unknown
0	876	32.452	Pb2
0	877	15.810	Pb2
0	878	95.911	Pb2
0	879	21.995	Pb2
0	880	23.372	Pb2
0	881	32.017	Pb2
0	882	10.958	Pb2
0	883	32.219	Pb2
0	884	44.569	Pb2
0	885	13.214	Pb2
0	886	6.958	Pb2
0	887	31.339	Pb2
0	888	31.721	Pb2
0	889	74.184	Pb2
0	890	36.637	Pb2
0	891	23.729	Pb2
0	892	12.437	Pb2
0	893	1.117	Pb2
0	894	32.736	Pb2
0	895	24.942	Pb2
0	896	17.630	Pb2
0	897	19.781	Pb2
0	898	35.254	Pb2
0	899	72.475	Pb2
0	900	21.351	Pb2
0	901	110.078	Pb2
0	902	17.466	Pb2
0	903	20.933	Pb2
0	904	53.788	Pb2
0	905	11.650	Pb2
0	906	40.313	Pb2
0	907	3.934	Pb2
0	908	11.908	Pb2
0	909	22.272	Pb2
0	910	101.655	Pb2
0	911	9.476	Pb2
0	912	35.976	Pb2
0	913	50.068	Pb2
0	914	6.427	Pb2
0	915	5.891	Pb2
0	916	27.527	Pb2
0	917	22.239	Pb2
0	918	8.878	Pb2
0	919	5.900	Pb2
0	920	1.198	Pb2
0	921	42.672	Pb2
0	922	69.228	Pb2
0	923	41.768	Pb2
0	924	30.145	Pb2
0	925	11.901	Pb2
0	926	29.585	Pb2
0	927	27.767	Pb2
0	928	5.122	Pb2
0	929	13.144	Pb2
0	930	10.761	Pb2
0	931	7.396	Pb2
0	932	19.078	Pb2
0	933	30.320	Pb2
0	934	5.272	Pb2
0	935	15.964	Pb2
0	936	4.023	Pb2
0	937	30.679	Pb2
0	938	42.993	Pb2
0	939	30.462	Pb2
0	940	3.108	Unknown
0	941	20.798	Pb2
0	942	46.951	Pb2
0	943	19.786	Pb2
0	944	15.314	Pb2
0	945	6.756	Pb2
0	946	33.867	Pb2
0	947	8.018	Pb2
0	948	79.043	Pb2
0	949	39.273	Pb2
0	950	5.385	Pb2
0	951	43.401	Pb2
0	952	23.757	Pb2
0	953	14.031	Pb2
0	954	21.470	Pb2
0	955	14.137	Pb2
0	956	33.081	Pb2
0	957	6.954	Pb2
0	958	38.850	Pb2
0	959	12.823	Pb2
0	960	15.933	Pb2
0	961	18.396	Pb2
0	962	37.218	Pb2
0	963	7.600	Pb2
0	964	8.605	Pb2
0	965	26.396	Pb2
0	966	35.490	Pb2
0	967	29.515	Pb2
0	968	9.995	Pb2
0	969	64.696	Pb2
0	970	18.695	Pb2
0	971	25.951	Pb2
0	972	99.595	Pb2
0	973	14.067	Pb2
0	974	32.806	Pb2
0	975	30.750	Pb2
0	976	18.584	Pb2
0	977	1.106	Pb2
0	978	81.698	Pb2
0	979	31.235	Pb2
0	980	48.875	Pb2
0	981	13.927	Pb2
0	982	37.127	Pb2
0	983	19.484	Pb2
0	984	37.774	Pb2
0	985	35.609	Pb2
0	986	20.199	Pb2
0	987	22.758	Pb2
0	988	57.097	Pb2
0	989	59.507	Pb2
0	990	64.146	Pb2
0	991	5.286	Pb2
0	992	1.284	Pb2
0	993	133.105	Pb2
0	994	65.088	Pb2
0	995	26.482	Pb2
0	996	15.349	Pb2
0	997	20.497	Pb2
0	998	9.679	Pb2
0	999	5.446	Pb2
0	1000	0.996	Pb2
