# EventID	TrackID	TotalTrackLength_mm	FinalVolume
0	1	7.513	Pb2
0	2	4.549	Pb2
0	3	3.594	Pb2
0	4	4.729	Pb2
0	5	8.396	Pb2
0	6	1.066	Pb2
0	7	1.103	Pb2
0	8	11.483	Pb2
0	9	12.648	Pb2
0	10	3.534	Pb2
0	11	31.598	Pb2
0	12	7.312	Pb2
0	13	2.772	Pb2
0	14	13.056	Pb2
0	15	19.288	Pb2
0	16	6.816	Pb2
0	17	20.895	Pb2
0	18	2.364	Pb2
0	19	4.876	Pb2
0	20	1.378	Pb2
0	21	2.401	Pb2
0	22	19.560	Pb2
0	23	5.764	Pb2
0	24	9.393	Pb2
0	25	1.080	Pb2
0	26	16.923	Pb2
0	27	2.835	Pb2
0	28	19.306	Pb2
0	29	2.717	Pb2
0	30	4.635	Pb2
0	31	3.220	Pb2
0	32	17.445	Pb2
0	33	72.470	Pb2
0	34	0.399	Pb2
0	35	6.110	Pb2
0	36	0.736	Pb2
0	37	10.268	Pb2
0	38	9.232	Pb2
0	39	2.402	Pb2
0	40	7.811	Pb2
0	41	2.043	Pb2
0	42	5.280	Pb2
0	43	8.474	Pb2
0	44	3.657	Pb2
0	45	7.861	Pb2
0	46	8.998	Pb2
0	47	9.774	Pb2
0	48	1.928	Pb2
0	49	3.090	Pb2
0	50	6.825	Pb2
0	51	0.064	Pb2
0	52	4.795	Pb2
0	53	24.483	Pb2
0	54	28.243	Pb2
0	55	7.394	Pb2
0	56	31.864	Pb2
0	57	1.596	Pb2
0	58	6.894	Pb2
0	59	21.071	Pb2
0	60	0.176	Pb2
0	61	10.571	Pb2
0	62	8.748	Pb2
0	63	10.560	Pb2
0	64	2.935	Pb2
0	65	5.192	Pb2
0	66	12.674	Pb2
0	67	21.046	Pb2
0	68	22.377	Pb2
0	69	8.691	Pb2
0	70	4.159	Pb2
0	71	9.773	Pb2
0	72	24.481	Pb2
0	73	16.187	Pb2
0	74	0.607	Pb2
0	75	17.094	Pb2
0	76	16.550	Pb2
0	77	11.105	Pb2
0	78	5.677	Pb2
0	79	2.007	Pb2
0	80	2.228	Pb2
0	81	16.533	Pb2
0	82	8.256	Pb2
0	83	2.863	Unknown
0	84	1.523	Pb2
0	85	9.299	Pb2
0	86	1.797	Pb2
0	87	4.870	Pb2
0	88	0.023	Pb2
0	89	20.531	Pb2
0	90	0.538	Pb2
0	91	2.231	Pb2
0	92	3.983	Pb2
0	93	2.439	Pb2
0	94	10.790	Pb2
0	95	0.816	Pb2
0	96	19.699	Pb2
0	97	8.029	Pb2
0	98	3.944	Pb2
0	99	4.902	Pb2
0	100	2.548	Pb2
0	101	11.762	Pb2
0	102	3.855	Pb2
0	103	5.319	Pb2
0	104	20.468	Pb2
0	105	11.920	Pb2
0	106	5.066	Pb2
0	107	7.531	Pb2
0	108	27.468	Pb2
0	109	1.912	Pb2
0	110	4.025	Pb2
0	111	1.729	Pb2
0	112	23.296	Pb2
0	113	0.514	Pb2
0	114	18.145	Pb2
0	115	20.296	Pb2
0	116	8.316	Pb2
0	117	5.075	Pb2
0	118	13.795	Pb2
0	119	9.521	Pb2
0	120	7.045	Pb2
0	121	26.276	Pb2
0	122	27.377	Pb2
0	123	13.135	Pb2
0	124	2.861	Pb2
0	125	4.283	Pb2
0	126	0.389	Pb2
0	127	25.662	Pb2
0	128	55.069	Pb2
0	129	19.340	Pb2
0	130	12.751	Pb2
0	131	0.906	Pb2
0	132	0.798	Pb2
0	133	0.792	Pb2
0	134	1.747	Pb2
0	135	5.738	Pb2
0	136	3.256	Pb2
0	137	5.219	Pb2
0	138	7.639	Pb2
0	139	4.160	Pb2
0	140	1.964	Pb2
0	141	12.428	Pb2
0	142	4.440	Pb2
0	143	7.757	Pb2
0	144	13.343	Pb2
0	145	7.961	Pb2
0	146	0.266	Pb2
0	147	7.992	Pb2
0	148	6.038	Pb2
0	149	1.256	Pb2
0	150	12.013	Pb2
0	151	9.898	Pb2
0	152	8.978	Pb2
0	153	27.152	Pb2
0	154	10.086	Pb2
0	155	2.743	Pb2
0	156	18.079	Pb2
0	157	13.908	Pb2
0	158	25.001	Pb2
0	159	2.898	Pb2
0	160	4.103	Pb2
0	161	8.955	Pb2
0	162	1.790	Pb2
0	163	7.685	Pb2
0	164	11.934	Pb2
0	165	0.020	Pb2
0	166	24.596	Pb2
0	167	1.876	Pb2
0	168	3.032	Pb2
0	169	0.228	Pb2
0	170	2.058	Pb2
0	171	10.601	Pb2
0	172	15.759	Pb2
0	173	8.910	Pb2
0	174	3.565	Pb2
0	175	19.880	Pb2
0	176	20.701	Pb2
0	177	4.534	Pb2
0	178	5.070	Pb2
0	179	2.054	Pb2
0	180	1.157	Pb2
0	181	17.550	Pb2
0	182	1.616	Pb2
0	183	7.726	Pb2
0	184	1.684	Pb2
0	185	7.344	Pb2
0	186	1.460	Pb2
0	187	12.048	Pb2
0	188	0.431	Pb2
0	189	15.445	Pb2
0	190	12.130	Pb2
0	191	7.540	Pb2
0	192	5.024	Pb2
0	193	12.422	Pb2
0	194	8.895	Pb2
0	195	0.117	Pb2
0	196	3.394	Pb2
0	197	4.906	Pb2
0	198	4.187	Pb2
0	199	9.734	Pb2
0	200	1.716	Pb2
0	201	3.118	Pb2
0	202	2.852	Pb2
0	203	4.917	Pb2
0	204	3.413	Pb2
0	205	6.774	Pb2
0	206	19.635	Pb2
0	207	5.960	Pb2
0	208	6.718	Pb2
0	209	4.097	Pb2
0	210	19.099	Pb2
0	211	14.357	Pb2
0	212	1.957	Pb2
0	213	9.428	Pb2
0	214	3.412	Pb2
0	215	9.732	Pb2
0	216	16.360	Pb2
0	217	0.198	Pb2
0	218	15.956	Pb2
0	219	5.601	Pb2
0	220	26.042	Pb2
0	221	1.649	Pb2
0	222	22.456	Pb2
0	223	13.540	Pb2
0	224	11.109	Pb2
0	225	19.262	Pb2
0	226	8.682	Pb2
0	227	10.593	Pb2
0	228	0.817	Pb2
0	229	19.930	Pb2
0	230	2.532	Pb2
0	231	9.200	Pb2
0	232	4.159	Pb2
0	233	12.569	Pb2
0	234	1.425	Pb2
0	235	15.826	Pb2
0	236	9.891	Pb2
0	237	3.331	Pb2
0	238	8.559	Pb2
0	239	4.143	Pb2
0	240	6.289	Pb2
0	241	2.463	Pb2
0	242	3.792	Pb2
0	243	5.888	Pb2
0	244	5.090	Pb2
0	245	1.199	Pb2
0	246	12.333	Pb2
0	247	2.450	Pb2
0	248	3.839	Pb2
0	249	12.152	Pb2
0	250	6.417	Pb2
0	251	6.773	Pb2
0	252	6.424	Pb2
0	253	3.685	Pb2
0	254	6.067	Pb2
0	255	2.197	Pb2
0	256	6.671	Pb2
0	257	6.494	Pb2
0	258	5.627	Pb2
0	259	2.478	Pb2
0	260	20.855	Pb2
0	261	0.175	Pb2
0	262	19.813	Pb2
0	263	21.832	Pb2
0	264	6.089	Pb2
0	265	20.103	Pb2
0	266	13.282	Pb2
0	267	28.607	Pb2
0	268	11.364	Pb2
0	269	3.209	Pb2
0	270	34.240	Pb2
0	271	2.791	Pb2
0	272	17.900	Pb2
0	273	14.535	Pb2
0	274	11.357	Pb2
0	275	3.386	Pb2
0	276	28.085	Pb2
0	277	37.538	Pb2
0	278	3.652	Pb2
0	279	12.532	Pb2
0	280	7.022	Pb2
0	281	37.228	Pb2
0	282	9.127	Pb2
0	283	9.363	Pb2
0	284	20.438	Pb2
0	285	17.868	Pb2
0	286	4.960	Pb2
0	287	6.067	Pb2
0	288	18.067	Pb2
0	289	4.119	Pb2
0	290	13.253	Pb2
0	291	2.255	Pb2
0	292	7.424	Pb2
0	293	21.066	Pb2
0	294	16.637	Pb2
0	295	12.215	Pb2
0	296	4.693	Pb2
0	297	9.205	Pb2
0	298	4.375	Pb2
0	299	4.560	Pb2
0	300	6.993	Pb2
0	301	14.245	Pb2
0	302	20.833	Pb2
0	303	13.972	Pb2
0	304	8.975	Pb2
0	305	11.405	Pb2
0	306	14.856	Pb2
0	307	3.902	Pb2
0	308	11.591	Pb2
0	309	31.529	Pb2
0	310	1.558	Pb2
0	311	4.717	Pb2
0	312	3.078	Pb2
0	313	0.573	Pb2
0	314	5.447	Pb2
0	315	10.095	Pb2
0	316	15.653	Pb2
0	317	0.948	Pb2
0	318	1.094	Pb2
0	319	4.221	Pb2
0	320	13.326	Pb2
0	321	19.667	Pb2
0	322	3.203	Pb2
0	323	5.385	Pb2
0	324	2.209	Pb2
0	325	5.239	Pb2
0	326	3.068	Pb2
0	327	3.557	Pb2
0	328	16.064	Pb2
0	329	7.345	Pb2
0	330	2.895	Pb2
0	331	2.283	Pb2
0	332	29.206	Pb2
0	333	10.263	Pb2
0	334	1.027	Pb2
0	335	8.203	Pb2
0	336	6.132	Pb2
0	337	1.898	Pb2
0	338	13.725	Pb2
0	339	5.040	Pb2
0	340	5.680	Pb2
0	341	2.515	Pb2
0	342	18.413	Pb2
0	343	10.019	Pb2
0	344	19.543	Pb2
0	345	3.041	Pb2
0	346	7.287	Pb2
0	347	1.106	Pb2
0	348	4.366	Pb2
0	349	0.859	Pb2
0	350	5.793	Pb2
0	351	7.516	Pb2
0	352	5.978	Pb2
0	353	13.246	Pb2
0	354	1.038	Pb2
0	355	5.346	Pb2
0	356	0.256	Pb2
0	357	3.840	Pb2
0	358	1.258	Pb2
0	359	2.583	Pb2
0	360	35.000	Pb2
0	361	3.935	Pb2
0	362	4.688	Pb2
0	363	0.313	Pb2
0	364	4.355	Pb2
0	365	7.960	Pb2
0	366	9.997	Pb2
0	367	13.608	Pb2
0	368	12.064	Pb2
0	369	33.270	Pb2
0	370	0.830	Pb2
0	371	17.533	Pb2
0	372	13.584	Pb2
0	373	17.984	Pb2
0	374	27.013	Pb2
0	375	16.011	Pb2
0	376	9.598	Pb2
0	377	9.127	Pb2
0	378	0.409	Pb2
0	379	0.631	Pb2
0	380	15.719	Pb2
0	381	8.309	Pb2
0	382	15.651	Pb2
0	383	3.215	Pb2
0	384	1.202	Pb2
0	385	0.106	Pb2
0	386	7.509	Pb2
0	387	1.852	Pb2
0	388	5.496	Pb2
0	389	2.517	Pb2
0	390	10.711	Pb2
0	391	5.363	Pb2
0	392	10.861	Pb2
0	393	4.498	Pb2
0	394	1.323	Unknown
0	395	12.142	Pb2
0	396	28.362	Pb2
0	397	20.837	Pb2
0	398	1.920	Pb2
0	399	2.193	Pb2
0	400	16.263	Pb2
0	401	1.020	Pb2
0	402	5.985	Pb2
0	403	10.513	Pb2
0	404	4.050	Pb2
0	405	3.523	Pb2
0	406	21.548	Pb2
0	407	7.359	Pb2
0	408	0.285	Pb2
0	409	18.455	Pb2
0	410	5.931	Pb2
0	411	6.542	Pb2
0	412	6.982	Pb2
0	413	20.619	Pb2
0	414	4.210	Pb2
0	415	13.809	Pb2
0	416	11.051	Pb2
0	417	32.512	Pb2
0	418	6.115	Pb2
0	419	0.261	Pb2
0	420	14.131	Pb2
0	421	26.990	Pb2
0	422	9.336	Pb2
0	423	5.021	Pb2
0	424	0.287	Pb2
0	425	0.639	Pb2
0	426	2.018	Pb2
0	427	9.067	Pb2
0	428	0.488	Pb2
0	429	0.777	Pb2
0	430	35.948	Pb2
0	431	17.246	Pb2
0	432	3.678	Pb2
0	433	4.521	Pb2
0	434	13.871	Pb2
0	435	4.951	Pb2
0	436	24.164	Pb2
0	437	24.023	Pb2
0	438	4.383	Pb2
0	439	4.237	Pb2
0	440	11.215	Pb2
0	441	4.724	Pb2
0	442	16.653	Pb2
0	443	7.051	Pb2
0	444	13.787	Pb2
0	445	5.554	Pb2
0	446	9.364	Pb2
0	447	2.528	Pb2
0	448	12.504	Pb2
0	449	16.232	Pb2
0	450	23.469	Pb2
0	451	13.435	Pb2
0	452	15.315	Pb2
0	453	10.464	Pb2
0	454	0.276	Pb2
0	455	8.687	Pb2
0	456	15.972	Pb2
0	457	29.069	Pb2
0	458	12.248	Pb2
0	459	6.157	Pb2
0	460	9.046	Pb2
0	461	26.589	Pb2
0	462	1.578	Pb2
0	463	8.488	Pb2
0	464	14.291	Pb2
0	465	12.751	Pb2
0	466	3.990	Pb2
0	467	6.869	Pb2
0	468	0.525	Pb2
0	469	6.296	Pb2
0	470	0.663	Pb2
0	471	9.365	Pb2
0	472	6.246	Pb2
0	473	16.989	Pb2
0	474	8.905	Pb2
0	475	8.501	Pb2
0	476	6.127	Pb2
0	477	3.272	Pb2
0	478	17.745	Pb2
0	479	3.537	Pb2
0	480	5.057	Pb2
0	481	2.996	Pb2
0	482	35.246	Pb2
0	483	0.861	Pb2
0	484	12.213	Pb2
0	485	21.577	Pb2
0	486	0.257	Pb2
0	487	7.703	Pb2
0	488	0.598	Pb2
0	489	6.824	Pb2
0	490	10.795	Pb2
0	491	2.005	Pb2
0	492	11.028	Pb2
0	493	14.929	Pb2
0	494	0.754	Pb2
0	495	8.478	Pb2
0	496	20.303	Pb2
0	497	2.606	Pb2
0	498	6.325	Pb2
0	499	3.605	Pb2
0	500	20.300	Pb2
0	501	2.509	Pb2
0	502	2.770	Pb2
0	503	0.941	Pb2
0	504	17.548	Pb2
0	505	3.653	Pb2
0	506	0.616	Pb2
0	507	19.286	Pb2
0	508	2.115	Pb2
0	509	2.275	Pb2
0	510	2.983	Pb2
0	511	17.399	Pb2
0	512	9.431	Pb2
0	513	10.056	Pb2
0	514	15.168	Pb2
0	515	0.818	Pb2
0	516	7.411	Pb2
0	517	14.539	Pb2
0	518	13.036	Pb2
0	519	12.351	Pb2
0	520	9.445	Pb2
0	521	9.751	Pb2
0	522	4.578	Pb2
0	523	17.403	Pb2
0	524	23.128	Pb2
0	525	2.074	Pb2
0	526	7.009	Pb2
0	527	5.525	Pb2
0	528	2.133	Pb2
0	529	16.886	Pb2
0	530	12.702	Pb2
0	531	0.943	Pb2
0	532	16.786	Pb2
0	533	14.104	Pb2
0	534	0.765	Pb2
0	535	12.173	Pb2
0	536	9.278	Pb2
0	537	10.984	Pb2
0	538	7.981	Pb2
0	539	14.222	Pb2
0	540	22.596	Pb2
0	541	7.100	Pb2
0	542	13.113	Pb2
0	543	2.726	Pb2
0	544	9.136	Pb2
0	545	8.493	Pb2
0	546	7.421	Pb2
0	547	4.516	Pb2
0	548	11.454	Pb2
0	549	13.779	Pb2
0	550	33.812	Pb2
0	551	0.591	Pb2
0	552	22.324	Pb2
0	553	3.624	Pb2
0	554	13.314	Pb2
0	555	4.072	Pb2
0	556	7.229	Pb2
0	557	5.898	Pb2
0	558	3.289	Unknown
0	559	10.926	Pb2
0	560	10.329	Pb2
0	561	2.123	Pb2
0	562	2.763	Pb2
0	563	6.408	Pb2
0	564	6.180	Pb2
0	565	3.546	Pb2
0	566	3.556	Pb2
0	567	3.564	Pb2
0	568	15.107	Pb2
0	569	18.612	Pb2
0	570	17.376	Pb2
0	571	14.724	Pb2
0	572	0.989	Pb2
0	573	4.827	Pb2
0	574	7.705	Pb2
0	575	9.147	Pb2
0	576	19.300	Pb2
0	577	12.803	Pb2
0	578	16.111	Pb2
0	579	3.149	Pb2
0	580	3.827	Pb2
0	581	4.729	Pb2
0	582	5.616	Pb2
0	583	7.151	Pb2
0	584	12.586	Pb2
0	585	4.832	Pb2
0	586	10.246	Pb2
0	587	4.138	Pb2
0	588	6.741	Pb2
0	589	10.993	Pb2
0	590	1.922	Pb2
0	591	11.779	Pb2
0	592	9.520	Pb2
0	593	5.996	Pb2
0	594	6.270	Pb2
0	595	27.340	Pb2
0	596	6.420	Pb2
0	597	21.684	Pb2
0	598	15.309	Pb2
0	599	22.319	Pb2
0	600	13.631	Pb2
0	601	20.599	Pb2
0	602	14.452	Pb2
0	603	2.620	Pb2
0	604	39.990	Pb2
0	605	0.616	Pb2
0	606	18.641	Pb2
0	607	4.784	Pb2
0	608	27.708	Pb2
0	609	1.324	Pb2
0	610	2.576	Pb2
0	611	8.659	Pb2
0	612	10.605	Pb2
0	613	22.998	Pb2
0	614	1.613	Pb2
0	615	6.882	Pb2
0	616	5.265	Pb2
0	617	12.555	Pb2
0	618	14.179	Pb2
0	619	2.686	Pb2
0	620	32.289	Pb2
0	621	0.420	Pb2
0	622	6.135	Pb2
0	623	7.738	Pb2
0	624	22.537	Pb2
0	625	5.028	Pb2
0	626	11.024	Pb2
0	627	8.613	Pb2
0	628	15.826	Pb2
0	629	9.519	Pb2
0	630	5.370	Pb2
0	631	17.385	Pb2
0	632	15.039	Pb2
0	633	8.529	Pb2
0	634	10.139	Pb2
0	635	3.563	Unknown
0	636	2.878	Pb2
0	637	5.888	Pb2
0	638	2.693	Pb2
0	639	1.409	Pb2
0	640	8.503	Pb2
0	641	1.490	Pb2
0	642	13.450	Pb2
0	643	8.667	Pb2
0	644	1.950	Pb2
0	645	19.317	Pb2
0	646	5.246	Pb2
0	647	2.290	Pb2
0	648	9.349	Pb2
0	649	15.285	Pb2
0	650	18.640	Pb2
0	651	11.971	Pb2
0	652	6.836	Pb2
0	653	11.677	Pb2
0	654	18.722	Pb2
0	655	2.529	Pb2
0	656	1.351	Pb2
0	657	9.108	Pb2
0	658	8.438	Pb2
0	659	30.284	Pb2
0	660	9.036	Pb2
0	661	25.821	Pb2
0	662	4.471	Pb2
0	663	28.059	Pb2
0	664	1.144	Pb2
0	665	16.728	Pb2
0	666	5.745	Pb2
0	667	0.388	Pb2
0	668	1.932	Unknown
0	669	6.762	Pb2
0	670	7.021	Pb2
0	671	8.329	Pb2
0	672	3.051	Pb2
0	673	4.540	Pb2
0	674	22.379	Pb2
0	675	24.735	Pb2
0	676	8.296	Pb2
0	677	18.481	Pb2
0	678	4.635	Pb2
0	679	0.564	Pb2
0	680	17.348	Pb2
0	681	27.033	Pb2
0	682	4.269	Pb2
0	683	6.102	Pb2
0	684	35.054	Pb2
0	685	4.615	Pb2
0	686	7.310	Pb2
0	687	10.755	Pb2
0	688	8.452	Pb2
0	689	11.575	Pb2
0	690	4.159	Pb2
0	691	17.819	Pb2
0	692	5.508	Pb2
0	693	6.946	Pb2
0	694	7.816	Pb2
0	695	2.000	Pb2
0	696	2.832	Pb2
0	698	0.104	Pb2
0	699	2.032	Pb2
0	700	6.955	Pb2
0	701	5.898	Pb2
0	702	5.337	Pb2
0	703	4.422	Pb2
0	704	2.258	Unknown
0	705	2.524	Pb2
0	706	11.469	Pb2
0	707	23.726	Pb2
0	708	39.281	Pb2
0	709	9.940	Pb2
0	710	20.524	Pb2
0	711	18.056	Pb2
0	712	23.527	Pb2
0	713	8.977	Pb2
0	714	0.258	Pb2
0	715	13.804	Pb2
0	716	10.662	Pb2
0	717	0.126	Pb2
0	718	12.836	Pb2
0	719	0.792	Pb2
0	720	6.512	Pb2
0	721	13.501	Pb2
0	722	3.343	Pb2
0	723	20.643	Pb2
0	724	15.862	Pb2
0	725	19.799	Pb2
0	726	6.109	Pb2
0	727	3.446	Pb2
0	728	2.324	Pb2
0	729	5.762	Pb2
0	730	18.267	Pb2
0	731	3.097	Pb2
0	732	9.355	Pb2
0	733	1.008	Pb2
0	734	1.357	Pb2
0	735	27.546	Pb2
0	736	2.344	Pb2
0	737	0.222	Pb2
0	738	3.199	Pb2
0	739	17.096	Pb2
0	740	7.403	Pb2
0	741	16.687	Pb2
0	742	22.864	Pb2
0	743	6.737	Pb2
0	744	22.651	Pb2
0	745	10.081	Pb2
0	746	5.126	Pb2
0	747	39.181	Pb2
0	748	7.667	Pb2
0	749	0.491	Pb2
0	750	36.920	Pb2
0	751	4.878	Pb2
0	752	2.483	Pb2
0	753	12.525	Pb2
0	754	5.992	Pb2
0	755	12.056	Pb2
0	756	3.534	Pb2
0	757	36.718	Pb2
0	758	5.291	Pb2
0	759	2.904	Pb2
0	760	10.796	Pb2
0	761	3.886	Pb2
0	762	5.144	Pb2
0	763	8.572	Pb2
0	764	2.910	Pb2
0	765	40.777	Pb2
0	766	12.497	Pb2
0	767	6.343	Pb2
0	768	44.307	Pb2
0	769	5.893	Pb2
0	770	7.471	Pb2
0	771	23.504	Pb2
0	772	6.417	Pb2
0	773	4.075	Pb2
0	774	22.292	Pb2
0	775	4.870	Pb2
0	776	3.220	Pb2
0	777	25.956	Pb2
0	778	11.571	Pb2
0	779	27.297	Pb2
0	780	6.927	Pb2
0	781	1.242	Pb2
0	782	24.775	Pb2
0	783	3.101	Pb2
0	784	7.728	Pb2
0	785	3.529	Pb2
0	786	3.584	Pb2
0	787	9.767	Pb2
0	788	9.597	Pb2
0	789	14.552	Pb2
0	790	9.371	Pb2
0	791	5.502	Pb2
0	792	18.121	Pb2
0	793	14.734	Pb2
0	794	6.254	Pb2
0	795	32.624	Pb2
0	796	4.381	Pb2
0	797	3.087	Pb2
0	798	16.466	Pb2
0	799	28.888	Pb2
0	800	3.356	Pb2
0	801	16.135	Pb2
0	802	38.864	Pb2
0	803	22.249	Pb2
0	804	0.804	Pb2
0	805	13.939	Pb2
0	806	21.418	Pb2
0	807	10.355	Pb2
0	808	13.890	Pb2
0	809	10.961	Pb2
0	810	10.653	Pb2
0	811	3.824	Pb2
0	812	15.622	Pb2
0	813	7.471	Pb2
0	814	10.195	Pb2
0	815	7.941	Pb2
0	816	31.809	Pb2
0	817	6.367	Pb2
0	818	15.885	Pb2
0	819	12.150	Pb2
0	820	7.991	Pb2
0	821	25.349	Pb2
0	822	4.801	Pb2
0	823	0.569	Pb2
0	824	2.952	Pb2
0	825	37.753	Pb2
0	826	3.719	Pb2
0	827	13.470	Pb2
0	828	8.221	Pb2
0	829	4.573	Pb2
0	830	15.812	Pb2
0	831	1.519	Pb2
0	832	40.961	Pb2
0	833	9.544	Pb2
0	834	2.058	Pb2
0	835	4.126	Pb2
0	836	12.468	Pb2
0	837	5.770	Pb2
0	838	5.625	Pb2
0	839	29.057	Pb2
0	840	4.403	Pb2
0	841	18.276	Pb2
0	842	0.783	Pb2
0	843	0.098	Pb2
0	844	3.205	Pb2
0	845	1.457	Pb2
0	846	5.523	Pb2
0	847	36.891	Pb2
0	848	11.612	Pb2
0	849	1.474	Pb2
0	850	4.074	Pb2
0	851	16.990	Pb2
0	852	18.010	Pb2
0	853	0.682	Pb2
0	854	17.860	Pb2
0	855	4.458	Pb2
0	856	10.920	Pb2
0	857	5.370	Pb2
0	858	7.364	Pb2
0	859	3.877	Pb2
0	860	5.377	Pb2
0	861	2.252	Pb2
0	862	6.001	Pb2
0	863	6.035	Pb2
0	864	23.580	Pb2
0	865	2.398	Pb2
0	866	5.535	Pb2
0	867	1.547	Pb2
0	868	35.726	Pb2
0	869	8.147	Pb2
0	870	6.195	Pb2
0	871	17.249	Pb2
0	872	1.119	Pb2
0	873	23.796	Pb2
0	874	10.679	Pb2
0	875	8.151	Pb2
0	876	0.887	Pb2
0	877	5.628	Pb2
0	878	7.528	Pb2
0	879	20.604	Pb2
0	880	11.940	Pb2
0	881	13.879	Pb2
0	882	16.503	Pb2
0	883	29.584	Pb2
0	884	15.728	Pb2
0	885	7.031	Pb2
0	886	7.431	Pb2
0	887	13.257	Pb2
0	888	6.718	Pb2
0	889	12.482	Pb2
0	890	8.164	Pb2
0	891	20.693	Pb2
0	892	3.903	Pb2
0	893	37.967	Pb2
0	894	2.933	Pb2
0	895	9.373	Pb2
0	896	17.302	Pb2
0	897	12.615	Pb2
0	898	8.136	Pb2
0	899	2.333	Pb2
0	900	0.856	Pb2
0	901	5.503	Pb2
0	902	2.462	Pb2
0	903	17.881	Pb2
0	904	2.161	Pb2
0	905	21.296	Pb2
0	906	5.469	Pb2
0	907	27.554	Pb2
0	908	27.958	Pb2
0	909	21.152	Pb2
0	910	18.691	Pb2
0	911	6.454	Pb2
0	912	27.071	Pb2
0	913	9.996	Pb2
0	914	0.175	Pb2
0	915	2.896	Pb2
0	916	25.426	Pb2
0	917	13.038	Pb2
0	918	30.665	Pb2
0	919	31.112	Pb2
0	920	18.416	Pb2
0	921	11.176	Pb2
0	922	3.127	Pb2
0	923	8.831	Pb2
0	924	11.110	Pb2
0	925	13.657	Pb2
0	926	2.869	Pb2
0	927	18.359	Pb2
0	928	27.013	Pb2
0	929	0.022	Unknown
0	930	7.455	Pb2
0	931	5.050	Pb2
0	932	2.632	Pb2
0	933	26.734	Pb2
0	934	5.324	Pb2
0	935	3.996	Pb2
0	936	7.644	Pb2
0	937	5.768	Pb2
0	938	0.423	Pb2
0	939	25.495	Pb2
0	940	5.064	Pb2
0	941	11.130	Pb2
0	942	1.288	Pb2
0	943	7.356	Pb2
0	944	1.915	Pb2
0	945	12.979	Pb2
0	946	1.405	Pb2
0	947	23.854	Pb2
0	948	24.711	Pb2
0	949	1.190	Pb2
0	950	7.839	Pb2
0	951	17.707	Pb2
0	952	9.377	Pb2
0	953	1.050	Pb2
0	954	3.597	Pb2
0	955	38.884	Pb2
0	956	7.071	Pb2
0	957	11.240	Pb2
0	958	4.231	Pb2
0	959	9.021	Pb2
0	960	23.765	Pb2
0	961	35.356	Pb2
0	962	22.459	Pb2
0	963	3.904	Pb2
0	964	2.355	Pb2
0	965	10.391	Pb2
0	966	12.588	Pb2
0	967	13.218	Pb2
0	968	3.398	Pb2
0	969	4.018	Pb2
0	970	35.495	Pb2
0	971	10.268	Pb2
0	972	15.864	Pb2
0	973	8.620	Pb2
0	974	1.422	Pb2
0	975	13.543	Pb2
0	976	11.023	Pb2
0	977	22.308	Pb2
0	978	12.335	Pb2
0	979	1.080	Pb2
0	980	5.518	Pb2
0	981	10.402	Pb2
0	982	2.024	Pb2
0	983	3.848	Pb2
0	984	1.969	Pb2
0	985	4.457	Pb2
0	986	2.423	Pb2
0	987	11.265	Pb2
0	988	12.680	Pb2
0	989	11.088	Pb2
0	990	0.128	Pb2
0	991	2.231	Pb2
0	992	15.645	Pb2
0	993	17.279	Pb2
0	994	5.973	Pb2
0	995	19.595	Pb2
0	996	5.582	Pb2
0	997	2.599	Pb2
0	998	13.552	Pb2
0	999	0.631	Pb2
0	1000	5.166	Pb2
