EventID	TrackID	TotalTrackLength_mm	FinalVolume
0	1	3.096	Pb2
0	2	0.612	Pb2
0	3	3.305	Pb2
0	4	4.859	Pb2
0	5	0.218	Pb2
0	6	4.566	Pb2
0	7	2.238	Pb2
0	8	2.500	Pb2
0	9	1.341	Pb2
0	10	8.008	Pb2
0	11	2.812	Pb2
0	12	4.989	Pb2
0	13	2.111	Pb2
0	14	0.398	Pb2
0	15	11.060	Pb2
0	16	1.655	Pb2
0	17	1.199	Pb2
0	18	0.519	Pb2
0	19	0.844	Pb2
0	20	13.748	Pb2
0	21	2.310	Pb2
0	22	0.874	Pb2
0	23	0.508	Pb2
0	24	2.193	Pb2
0	25	1.190	Pb2
0	26	5.258	Pb2
0	27	0.320	Pb2
0	28	1.608	Pb2
0	29	1.317	Pb2
0	30	0.313	Pb2
0	31	3.604	Pb2
0	32	2.357	Pb2
0	33	0.038	Pb2
0	34	0.484	Pb2
0	35	1.116	Pb2
0	36	2.296	Pb2
0	37	2.173	Pb2
0	38	0.497	Pb2
0	39	0.543	Pb2
0	40	6.382	Pb2
0	41	2.192	Pb2
0	42	0.438	Pb2
0	43	1.302	Pb2
0	44	1.871	Pb2
0	45	5.512	Pb2
0	46	6.671	Pb2
0	47	0.599	Pb2
0	48	0.469	Pb2
0	49	0.088	Pb2
0	50	1.761	Pb2
0	51	1.772	Pb2
0	52	1.725	Pb2
0	53	0.722	Unknown
0	54	0.992	Pb2
0	55	1.021	Pb2
0	56	4.566	Pb2
0	57	0.538	Pb2
0	58	3.706	Pb2
0	59	4.791	Pb2
0	60	0.049	Pb2
0	61	0.636	Pb2
0	62	0.180	Pb2
0	63	3.324	Pb2
0	64	0.504	Pb2
0	65	10.161	Pb2
0	66	0.165	Pb2
0	67	4.519	Pb2
0	68	4.174	Pb2
0	69	0.807	Pb2
0	70	1.799	Pb2
0	71	0.140	Pb2
0	72	2.857	Pb2
0	73	0.969	Pb2
0	74	1.858	Pb2
0	75	2.578	Pb2
0	76	2.836	Pb2
0	77	2.573	Pb2
0	78	3.217	Pb2
0	79	5.909	Pb2
0	80	2.865	Pb2
0	81	3.355	Pb2
0	82	3.143	Pb2
0	83	6.476	Pb2
0	84	0.903	Pb2
0	85	0.543	Pb2
0	86	0.040	Pb2
0	87	0.529	Pb2
0	88	1.399	Pb2
0	89	4.367	Pb2
0	90	0.618	Pb2
0	91	3.584	Pb2
0	92	0.302	Pb2
0	93	4.590	Pb2
0	94	3.283	Pb2
0	95	2.333	Pb2
0	96	1.136	Pb2
0	97	0.101	Pb2
0	98	0.596	Pb2
0	99	2.521	Pb2
0	100	1.220	Pb2
0	101	3.099	Pb2
0	102	0.157	Pb2
0	103	1.703	Pb2
0	104	1.084	Pb2
0	105	0.008	Pb2
0	106	2.041	Pb2
0	107	9.717	Pb2
0	108	0.356	Pb2
0	109	3.267	Pb2
0	110	0.848	Pb2
0	111	0.447	Pb2
0	112	1.534	Pb2
0	113	0.786	Pb2
0	114	0.990	Pb2
0	115	0.516	Pb2
0	116	0.789	Pb2
0	117	6.236	Pb2
0	118	3.254	Pb2
0	119	3.554	Pb2
0	120	0.303	Pb2
0	121	8.425	Pb2
0	122	0.478	Pb2
0	123	2.888	Pb2
0	124	5.605	Pb2
0	125	0.026	Pb2
0	126	0.244	Pb2
0	127	0.018	Pb2
0	128	1.357	Pb2
0	129	3.427	Pb2
0	130	3.233	Pb2
0	131	6.327	Pb2
0	132	1.809	Pb2
0	133	2.318	Pb2
0	134	2.779	Pb2
0	135	2.051	Pb2
0	136	1.339	Pb2
0	137	0.288	Pb2
0	138	0.604	Pb2
0	139	3.157	Pb2
0	140	0.176	Pb2
0	141	0.767	Pb2
0	142	2.582	Pb2
0	143	0.044	Pb2
0	144	6.892	Pb2
0	145	0.686	Pb2
0	146	0.719	Pb2
0	147	0.053	Pb2
0	148	7.502	Pb2
0	149	2.842	Pb2
0	150	1.695	Pb2
0	151	0.632	Pb2
0	152	6.633	Pb2
0	153	1.931	Pb2
0	154	1.226	Pb2
0	155	4.593	Pb2
0	156	0.500	Pb2
0	157	1.647	Pb2
0	158	0.508	Pb2
0	159	0.745	Pb2
0	160	5.819	Pb2
0	161	5.185	Pb2
0	162	3.046	Pb2
0	163	0.134	Pb2
0	164	2.648	Pb2
0	165	5.759	Pb2
0	166	2.934	Pb2
0	167	0.070	Pb2
0	168	0.650	Pb2
0	169	1.810	Pb2
0	170	5.711	Pb2
0	171	0.198	Pb2
0	172	0.304	Pb2
0	173	1.044	Pb2
0	174	0.784	Pb2
0	175	1.664	Pb2
0	176	0.070	Pb2
0	177	1.085	Pb2
0	178	0.833	Pb2
0	179	2.319	Pb2
0	180	1.276	Pb2
0	181	1.946	Pb2
0	182	4.478	Pb2
0	183	4.409	Pb2
0	184	9.715	Pb2
0	185	0.058	Pb2
0	186	3.040	Pb2
0	187	0.722	Pb2
0	188	0.071	Pb2
0	189	0.265	Pb2
0	190	1.680	Pb2
0	191	2.700	Pb2
0	192	1.796	Pb2
0	193	4.267	Pb2
0	194	0.628	Pb2
0	195	3.056	Pb2
0	196	0.176	Pb2
0	197	7.439	Pb2
0	198	0.323	Pb2
0	199	4.931	Pb2
0	200	1.663	Pb2
0	201	3.899	Pb2
0	202	2.898	Pb2
0	203	0.191	Pb2
0	204	0.294	Pb2
0	205	1.903	Pb2
0	206	1.582	Pb2
0	207	2.410	Pb2
0	208	5.489	Pb2
0	209	0.743	Pb2
0	210	8.806	Pb2
0	211	2.178	Pb2
0	212	3.775	Pb2
0	213	1.377	Pb2
0	214	11.959	Pb2
0	215	1.157	Pb2
0	216	2.584	Pb2
0	217	0.481	Pb2
0	218	0.230	Pb2
0	219	3.937	Pb2
0	220	0.331	Pb2
0	221	1.090	Pb2
0	222	2.688	Pb2
0	223	0.228	Pb2
0	224	5.260	Pb2
0	225	0.415	Pb2
0	226	5.899	Pb2
0	227	5.091	Pb2
0	228	1.023	Pb2
0	229	1.204	Pb2
0	230	1.585	Pb2
0	231	2.240	Pb2
0	232	5.374	Pb2
0	233	0.459	Pb2
0	234	4.381	Pb2
0	235	3.602	Pb2
0	236	4.497	Pb2
0	237	3.121	Pb2
0	238	2.825	Pb2
0	239	1.182	Pb2
0	240	2.073	Pb2
0	241	3.255	Pb2
0	242	2.296	Pb2
0	243	0.603	Pb2
0	244	4.685	Pb2
0	245	3.882	Pb2
0	246	2.059	Pb2
0	247	4.806	Pb2
0	248	0.039	Pb2
0	249	4.281	Pb2
0	250	5.290	Pb2
0	251	0.582	Pb2
0	252	2.603	Pb2
0	253	7.547	Pb2
0	254	0.667	Pb2
0	255	8.401	Pb2
0	256	0.769	Pb2
0	257	0.626	Pb2
0	258	5.273	Pb2
0	259	6.830	Pb2
0	260	0.692	Pb2
0	261	0.246	Pb2
0	262	3.319	Pb2
0	263	2.948	Pb2
0	264	0.484	Unknown
0	265	0.876	Pb2
0	266	1.586	Pb2
0	267	1.160	Pb2
0	268	2.283	Pb2
0	270	8.167	Pb2
0	271	0.661	Pb2
0	272	3.803	Pb2
0	273	3.080	Pb2
0	274	2.958	Pb2
0	275	1.915	Pb2
0	276	2.249	Pb2
0	277	3.059	Pb2
0	278	0.783	Pb2
0	279	2.262	Pb2
0	280	5.809	Pb2
0	281	0.501	Pb2
0	282	8.511	Pb2
0	283	4.875	Pb2
0	284	0.411	Pb2
0	285	0.997	Pb2
0	286	1.199	Pb2
0	287	1.231	Pb2
0	288	0.048	Unknown
0	289	2.250	Pb2
0	290	1.605	Pb2
0	291	1.417	Pb2
0	292	0.181	Pb2
0	293	2.606	Pb2
0	294	0.825	Pb2
0	295	3.912	Pb2
0	296	0.997	Pb2
0	297	0.230	Pb2
0	298	1.118	Pb2
0	299	1.587	Pb2
0	300	4.444	Pb2
0	301	2.191	Pb2
0	302	7.457	Pb2
0	303	1.358	Pb2
0	304	2.544	Pb2
0	305	0.557	Pb2
0	306	9.664	Pb2
0	307	4.167	Pb2
0	308	0.819	Pb2
0	309	4.730	Pb2
0	310	0.565	Pb2
0	311	6.471	Pb2
0	312	2.297	Pb2
0	313	1.690	Pb2
0	314	10.082	Pb2
0	315	2.684	Pb2
0	316	1.150	Pb2
0	317	0.045	Pb2
0	318	3.601	Pb2
0	319	2.010	Pb2
0	320	2.578	Pb2
0	321	0.519	Pb2
0	322	0.013	Pb2
0	323	2.237	Pb2
0	324	0.669	Pb2
0	325	0.220	Pb2
0	326	0.132	Pb2
0	327	1.580	Pb2
0	328	3.115	Pb2
0	329	2.348	Pb2
0	330	0.792	Pb2
0	331	4.208	Pb2
0	332	0.028	Pb2
0	333	2.629	Pb2
0	334	0.389	Pb2
0	335	5.523	Pb2
0	336	4.068	Pb2
0	337	3.903	Pb2
0	338	4.160	Pb2
0	339	0.662	Pb2
0	340	1.478	Pb2
0	341	0.152	Pb2
0	342	3.250	Pb2
0	343	0.397	Pb2
0	344	4.224	Pb2
0	345	2.169	Pb2
0	346	2.392	Pb2
0	347	2.716	Pb2
0	348	7.416	Pb2
0	349	0.811	Pb2
0	350	0.337	Pb2
0	351	0.386	Pb2
0	352	1.049	Pb2
0	353	3.752	Pb2
0	354	3.430	Pb2
0	355	2.359	Pb2
0	356	1.869	Pb2
0	357	0.341	Pb2
0	358	1.846	Pb2
0	359	0.438	Pb2
0	360	0.146	Pb2
0	361	1.134	Pb2
0	362	6.667	Pb2
0	363	1.079	Pb2
0	364	4.552	Pb2
0	365	2.116	Pb2
0	366	1.467	Pb2
0	367	1.227	Pb2
0	368	4.910	Pb2
0	369	2.528	Pb2
0	370	1.604	Pb2
0	371	2.118	Pb2
0	372	0.340	Pb2
0	373	0.866	Pb2
0	374	0.703	Pb2
0	375	1.867	Pb2
0	376	4.376	Pb2
0	377	3.843	Pb2
0	378	5.976	Pb2
0	379	10.134	Pb2
0	380	7.057	Pb2
0	381	0.390	Pb2
0	382	2.049	Pb2
0	383	4.215	Pb2
0	384	0.162	Pb2
0	385	0.143	Pb2
0	386	1.423	Pb2
0	387	1.067	Pb2
0	388	6.546	Pb2
0	389	7.155	Pb2
0	390	1.762	Pb2
0	391	0.216	Pb2
0	392	1.481	Pb2
0	393	3.158	Pb2
0	394	2.412	Pb2
0	395	9.343	Pb2
0	396	0.976	Pb2
0	397	1.386	Pb2
0	398	2.794	Pb2
0	399	1.645	Pb2
0	400	6.989	Pb2
0	401	0.317	Pb2
0	402	2.656	Pb2
0	403	0.043	Pb2
0	404	1.245	Pb2
0	405	0.643	Pb2
0	406	1.116	Pb2
0	407	5.450	Pb2
0	408	1.144	Pb2
0	409	4.066	Pb2
0	410	1.690	Pb2
0	411	1.227	Pb2
0	412	0.665	Pb2
0	413	0.029	Pb2
0	414	2.614	Pb2
0	415	0.979	Pb2
0	416	7.094	Pb2
0	417	1.762	Pb2
0	418	1.385	Pb2
0	419	0.693	Pb2
0	420	4.867	Pb2
0	421	4.290	Pb2
0	422	1.239	Pb2
0	423	3.364	Pb2
0	424	0.654	Pb2
0	425	0.340	Pb2
0	426	0.429	Pb2
0	427	2.729	Pb2
0	428	3.764	Pb2
0	429	0.933	Pb2
0	430	0.930	Pb2
0	431	0.321	Pb2
0	432	3.946	Pb2
0	433	3.324	Pb2
0	434	1.759	Pb2
0	435	0.502	Pb2
0	436	4.723	Pb2
0	437	1.544	Pb2
0	438	0.092	Pb2
0	439	3.678	Pb2
0	440	4.038	Pb2
0	441	1.467	Pb2
0	442	1.844	Pb2
0	443	2.492	Pb2
0	444	0.638	Pb2
0	445	3.132	Pb2
0	446	2.177	Pb2
0	447	1.578	Pb2
0	448	1.861	Pb2
0	449	3.509	Pb2
0	450	0.410	Pb2
0	451	2.538	Pb2
0	452	3.278	Pb2
0	453	7.364	Pb2
0	454	3.528	Pb2
0	455	2.806	Pb2
0	456	13.762	Pb2
0	457	1.599	Pb2
0	458	6.125	Pb2
0	459	7.070	Pb2
0	460	2.818	Pb2
0	461	0.068	Pb2
0	462	0.174	Pb2
0	463	4.833	Pb2
0	464	0.455	Pb2
0	465	2.561	Pb2
0	466	1.169	Pb2
0	467	1.371	Pb2
0	468	0.939	Pb2
0	469	3.076	Pb2
0	470	2.509	Pb2
0	471	1.291	Pb2
0	472	3.564	Pb2
0	473	6.556	Pb2
0	474	1.196	Pb2
0	475	1.452	Pb2
0	476	2.810	Unknown
0	477	1.271	Pb2
0	478	1.126	Pb2
0	479	1.960	Pb2
0	480	4.419	Pb2
0	481	8.134	Pb2
0	482	0.966	Pb2
0	483	3.165	Pb2
0	484	0.549	Pb2
0	485	2.844	Pb2
0	486	4.780	Pb2
0	487	5.255	Pb2
0	488	5.450	Pb2
0	489	4.830	Pb2
0	490	2.117	Pb2
0	491	1.701	Pb2
0	492	0.011	Pb2
0	493	3.077	Pb2
0	494	6.809	Pb2
0	495	5.648	Pb2
0	496	0.146	Pb2
0	497	3.180	Pb2
0	498	2.084	Pb2
0	499	0.595	Pb2
0	500	0.539	Pb2
0	501	4.087	Pb2
0	502	9.398	Pb2
0	503	0.578	Pb2
0	504	0.022	Pb2
0	505	2.029	Pb2
0	506	4.352	Pb2
0	507	14.585	Pb2
0	508	0.696	Pb2
0	509	13.869	Pb2
0	510	9.238	Pb2
0	511	1.834	Pb2
0	512	0.385	Pb2
0	513	1.427	Pb2
0	514	4.844	Pb2
0	515	3.049	Pb2
0	516	0.888	Pb2
0	517	5.267	Pb2
0	518	4.012	Pb2
0	519	6.025	Pb2
0	520	1.932	Pb2
0	521	0.589	Pb2
0	522	5.609	Pb2
0	523	4.475	Pb2
0	524	0.003	Pb2
0	525	0.698	Pb2
0	526	0.675	Pb2
0	527	4.728	Pb2
0	528	2.129	Pb2
0	529	3.560	Pb2
0	530	1.294	Pb2
0	531	6.304	Pb2
0	532	2.024	Pb2
0	533	0.497	Pb2
0	534	1.534	Pb2
0	535	1.085	Pb2
0	536	0.106	Pb2
0	537	0.040	Pb2
0	538	0.449	Pb2
0	539	3.723	Pb2
0	540	2.098	Pb2
0	541	0.532	Pb2
0	542	3.420	Pb2
0	543	0.650	Pb2
0	544	2.281	Pb2
0	545	2.006	Pb2
0	546	1.114	Pb2
0	547	3.969	Pb2
0	548	0.111	Pb2
0	549	0.136	Pb2
0	550	1.236	Pb2
0	551	0.076	Pb2
0	552	0.770	Pb2
0	553	0.718	Pb2
0	554	0.421	Pb2
0	555	1.345	Pb2
0	556	0.917	Pb2
0	557	0.545	Pb2
0	558	0.538	Pb2
0	559	1.441	Pb2
0	560	0.708	Pb2
0	561	1.216	Pb2
0	562	2.239	Pb2
0	563	7.123	Pb2
0	564	3.393	Pb2
0	565	0.379	Pb2
0	566	2.517	Pb2
0	567	2.085	Pb2
0	568	2.761	Pb2
0	569	2.221	Pb2
0	570	1.918	Pb2
0	571	16.076	Pb2
0	572	1.925	Pb2
0	573	7.112	Pb2
0	574	0.119	Pb2
0	575	0.598	Pb2
0	576	3.162	Pb2
0	577	0.111	Pb2
0	578	2.573	Pb2
0	579	2.888	Pb2
0	580	0.458	Pb2
0	581	0.421	Pb2
0	582	7.811	Pb2
0	583	7.083	Pb2
0	584	2.176	Pb2
0	585	0.268	Pb2
0	586	0.727	Pb2
0	587	0.576	Pb2
0	588	7.240	Pb2
0	589	2.709	Pb2
0	590	0.335	Pb2
0	591	2.897	Pb2
0	592	2.733	Pb2
0	593	2.506	Pb2
0	594	3.299	Pb2
0	595	0.702	Pb2
0	596	0.699	Pb2
0	597	0.596	Pb2
0	598	7.692	Pb2
0	599	3.038	Pb2
0	600	4.608	Pb2
0	601	0.399	Pb2
0	602	1.063	Pb2
0	603	6.215	Pb2
0	604	5.259	Pb2
0	605	2.822	Pb2
0	606	2.661	Pb2
0	607	0.961	Pb2
0	608	1.342	Pb2
0	609	0.529	Pb2
0	610	3.771	Pb2
0	611	0.662	Pb2
0	612	2.616	Pb2
0	613	3.292	Pb2
0	614	5.754	Pb2
0	615	2.210	Pb2
0	616	3.609	Pb2
0	617	1.010	Pb2
0	618	4.489	Pb2
0	619	6.219	Pb2
0	620	1.738	Pb2
0	621	0.187	Pb2
0	622	0.405	Pb2
0	623	0.292	Pb2
0	624	0.527	Pb2
0	625	1.919	Pb2
0	626	3.610	Pb2
0	627	1.884	Pb2
0	628	0.453	Unknown
0	629	2.351	Pb2
0	630	5.976	Pb2
0	631	0.272	Unknown
0	632	1.942	Pb2
0	633	8.243	Pb2
0	634	6.251	Pb2
0	635	3.123	Pb2
0	636	3.944	Pb2
0	637	6.718	Pb2
0	638	2.777	Pb2
0	639	0.967	Pb2
0	640	2.043	Pb2
0	641	1.126	Pb2
0	642	2.280	Pb2
0	643	1.177	Pb2
0	644	1.216	Pb2
0	645	1.049	Pb2
0	646	2.829	Pb2
0	647	5.923	Pb2
0	648	3.831	Pb2
0	649	1.060	Pb2
0	650	10.722	Pb2
0	651	1.281	Pb2
0	652	5.984	Pb2
0	653	4.188	Pb2
0	654	0.666	Pb2
0	655	6.422	Pb2
0	656	0.302	Pb2
0	657	1.564	Pb2
0	658	4.460	Pb2
0	659	2.655	Pb2
0	660	0.617	Pb2
0	661	2.478	Pb2
0	662	0.767	Pb2
0	663	1.759	Pb2
0	664	2.091	Pb2
0	665	0.713	Pb2
0	666	1.634	Pb2
0	667	0.322	Pb2
0	668	15.271	Pb2
0	669	1.239	Pb2
0	670	0.566	Pb2
0	671	5.391	Pb2
0	672	0.951	Pb2
0	673	9.262	Pb2
0	674	9.108	Pb2
0	675	2.131	Pb2
0	676	0.676	Pb2
0	677	0.140	Pb2
0	678	0.643	Pb2
0	679	0.419	Pb2
0	680	1.192	Pb2
0	681	1.537	Pb2
0	682	3.970	Pb2
0	683	0.430	Pb2
0	684	2.757	Pb2
0	685	1.311	Pb2
0	686	2.612	Pb2
0	687	1.316	Pb2
0	688	3.192	Pb2
0	689	4.890	Pb2
0	690	1.420	Pb2
0	691	1.777	Pb2
0	692	1.719	Pb2
0	693	11.772	Pb2
0	694	2.657	Pb2
0	695	7.965	Pb2
0	696	1.311	Pb2
0	697	0.912	Pb2
0	698	3.180	Pb2
0	699	3.274	Pb2
0	700	8.481	Pb2
0	701	0.643	Pb2
0	702	2.947	Pb2
0	703	1.354	Pb2
0	704	2.965	Pb2
0	705	3.687	Pb2
0	706	0.466	Pb2
0	707	2.351	Pb2
0	708	0.354	Pb2
0	709	1.399	Pb2
0	710	4.672	Pb2
0	711	1.392	Pb2
0	712	3.596	Pb2
0	713	0.888	Pb2
0	714	2.151	Pb2
0	715	3.393	Pb2
0	716	10.608	Pb2
0	717	0.232	Pb2
0	718	5.006	Pb2
0	719	4.375	Pb2
0	720	1.829	Pb2
0	721	0.183	Pb2
0	722	2.533	Pb2
0	723	0.667	Pb2
0	724	2.505	Pb2
0	725	0.531	Pb2
0	726	1.334	Pb2
0	727	1.434	Pb2
0	728	0.785	Pb2
0	729	1.899	Pb2
0	730	15.367	Pb2
0	731	0.115	Pb2
0	732	1.132	Pb2
0	733	4.512	Pb2
0	734	3.143	Pb2
0	735	0.159	Pb2
0	736	1.916	Pb2
0	737	0.149	Pb2
0	738	0.465	Pb2
0	739	0.666	Pb2
0	740	13.732	Pb2
0	741	2.299	Pb2
0	742	3.195	Pb2
0	743	2.237	Pb2
0	744	5.782	Pb2
0	745	0.219	Pb2
0	746	2.097	Pb2
0	747	1.843	Pb2
0	748	0.240	Pb2
0	749	6.193	Pb2
0	750	1.239	Unknown
0	751	1.618	Pb2
0	752	1.880	Pb2
0	753	0.550	Pb2
0	754	1.455	Pb2
0	755	1.346	Pb2
0	756	1.631	Pb2
0	757	0.492	Pb2
0	758	1.087	Pb2
0	759	2.999	Pb2
0	760	0.680	Pb2
0	761	3.667	Pb2
0	762	0.502	Pb2
0	763	0.999	Pb2
0	764	1.293	Pb2
0	765	1.653	Pb2
0	766	1.824	Pb2
0	767	0.849	Pb2
0	768	1.370	Pb2
0	769	6.235	Pb2
0	770	0.323	Pb2
0	771	2.627	Pb2
0	772	9.178	Pb2
0	773	0.869	Pb2
0	774	2.034	Pb2
0	775	1.430	Pb2
0	776	4.619	Pb2
0	777	4.059	Pb2
0	778	1.880	Pb2
0	779	3.449	Pb2
0	780	7.648	Pb2
0	781	1.263	Pb2
0	782	2.708	Pb2
0	783	0.764	Pb2
0	784	2.421	Pb2
0	785	0.384	Pb2
0	786	1.318	Pb2
0	787	2.552	Pb2
0	788	2.385	Pb2
0	789	2.300	Pb2
0	790	0.197	Pb2
0	791	1.652	Pb2
0	792	2.525	Pb2
0	793	0.995	Pb2
0	794	1.031	Pb2
0	795	1.677	Pb2
0	796	2.279	Pb2
0	797	0.009	Pb2
0	798	2.984	Pb2
0	799	2.614	Pb2
0	800	3.201	Pb2
0	801	0.549	Pb2
0	802	0.755	Pb2
0	803	2.367	Pb2
0	804	8.063	Pb2
0	805	7.298	Pb2
0	806	2.237	Pb2
0	807	5.562	Pb2
0	808	4.488	Pb2
0	809	1.619	Pb2
0	810	2.338	Pb2
0	811	8.389	Pb2
0	812	2.680	Pb2
0	813	0.132	Pb2
0	814	3.070	Pb2
0	815	0.493	Pb2
0	816	4.678	Pb2
0	817	3.794	Pb2
0	818	4.903	Pb2
0	819	3.379	Pb2
0	820	2.541	Pb2
0	821	2.993	Pb2
0	822	1.158	Pb2
0	823	6.206	Pb2
0	824	4.722	Pb2
0	825	0.950	Pb2
0	826	3.834	Pb2
0	827	9.134	Pb2
0	828	0.284	Pb2
0	829	2.109	Pb2
0	830	3.851	Pb2
0	831	0.880	Pb2
0	832	0.890	Pb2
0	833	5.380	Pb2
0	834	0.373	Pb2
0	835	1.072	Pb2
0	836	4.909	Pb2
0	837	5.717	Pb2
0	838	0.353	Pb2
0	839	0.507	Pb2
0	840	4.061	Pb2
0	841	1.943	Pb2
0	842	1.589	Pb2
0	843	0.396	Pb2
0	844	0.460	Pb2
0	845	3.291	Pb2
0	846	1.322	Pb2
0	847	2.121	Pb2
0	848	10.528	Pb2
0	849	0.178	Pb2
0	850	5.972	Pb2
0	851	2.958	Pb2
0	852	0.153	Pb2
0	853	4.512	Pb2
0	854	0.990	Pb2
0	855	1.623	Pb2
0	856	1.279	Pb2
0	857	1.427	Pb2
0	858	1.952	Pb2
0	859	0.486	Pb2
0	860	5.039	Pb2
0	861	3.162	Pb2
0	862	4.550	Pb2
0	863	3.681	Pb2
0	864	0.851	Pb2
0	865	3.569	Pb2
0	866	0.500	Pb2
0	867	2.217	Pb2
0	868	0.242	Pb2
0	869	3.871	Pb2
0	870	1.878	Pb2
0	871	3.695	Pb2
0	872	1.724	Pb2
0	873	3.435	Pb2
0	874	3.405	Pb2
0	875	2.037	Pb2
0	876	1.554	Pb2
0	878	2.124	Pb2
0	879	1.306	Pb2
0	880	1.856	Pb2
0	881	2.805	Pb2
0	882	0.786	Pb2
0	883	1.252	Pb2
0	884	4.257	Pb2
0	885	2.952	Pb2
0	886	0.872	Pb2
0	887	0.593	Pb2
0	888	2.653	Pb2
0	889	0.423	Pb2
0	890	4.599	Pb2
0	891	0.976	Pb2
0	892	0.504	Pb2
0	893	1.515	Pb2
0	894	3.534	Pb2
0	895	1.225	Pb2
0	896	6.158	Pb2
0	897	15.612	Pb2
0	898	1.577	Pb2
0	899	4.399	Pb2
0	900	0.012	Pb2
0	901	2.961	Pb2
0	902	8.565	Pb2
0	903	3.151	Pb2
0	904	5.285	Pb2
0	905	1.263	Pb2
0	906	3.726	Pb2
0	907	5.671	Pb2
0	908	4.146	Pb2
0	909	0.490	Pb2
0	910	7.701	Pb2
0	911	10.559	Pb2
0	912	0.812	Pb2
0	913	1.604	Pb2
0	914	2.144	Pb2
0	915	0.284	Pb2
0	916	3.189	Pb2
0	917	0.117	Pb2
0	918	2.657	Pb2
0	919	4.055	Pb2
0	920	3.963	Pb2
0	921	4.976	Pb2
0	922	2.291	Pb2
0	923	7.045	Pb2
0	924	0.330	Pb2
0	925	2.351	Pb2
0	926	11.807	Pb2
0	927	2.736	Pb2
0	928	3.136	Pb2
0	929	0.435	Pb2
0	930	0.377	Pb2
0	931	2.365	Pb2
0	932	0.929	Pb2
0	933	3.023	Pb2
0	934	0.267	Pb2
0	935	2.411	Pb2
0	936	1.093	Pb2
0	937	4.111	Pb2
0	938	2.244	Pb2
0	939	2.880	Pb2
0	940	5.880	Pb2
0	941	5.477	Pb2
0	942	2.733	Pb2
0	943	3.828	Pb2
0	944	3.586	Pb2
0	945	4.416	Pb2
0	946	1.006	Pb2
0	947	2.542	Pb2
0	948	0.432	Pb2
0	949	8.032	Pb2
0	950	0.591	Pb2
0	951	1.298	Pb2
0	952	13.548	Pb2
0	953	4.641	Pb2
0	954	2.708	Pb2
0	955	7.728	Pb2
0	956	4.398	Pb2
0	957	2.758	Pb2
0	958	0.384	Pb2
0	959	0.277	Pb2
0	960	1.101	Pb2
0	961	1.506	Pb2
0	962	1.531	Pb2
0	963	0.542	Pb2
0	964	0.241	Pb2
0	965	2.444	Pb2
0	966	4.135	Pb2
0	967	0.544	Pb2
0	968	2.924	Pb2
0	969	2.885	Pb2
0	970	5.014	Pb2
0	971	0.534	Pb2
0	972	5.045	Pb2
0	973	8.436	Pb2
0	974	1.871	Pb2
0	975	13.084	Pb2
0	976	1.118	Pb2
0	977	6.540	Pb2
0	978	3.177	Pb2
0	979	2.171	Pb2
0	980	7.911	Pb2
0	981	0.818	Pb2
0	982	0.537	Pb2
0	983	6.451	Pb2
0	984	0.845	Pb2
0	985	0.561	Pb2
0	986	1.015	Pb2
0	987	0.763	Pb2
0	988	1.505	Pb2
0	989	0.509	Pb2
0	990	5.591	Pb2
0	991	2.238	Pb2
0	992	1.345	Pb2
0	993	0.186	Pb2
0	994	0.001	Pb2
0	995	1.454	Pb2
0	996	5.038	Pb2
0	997	4.244	Pb2
0	998	1.482	Pb2
0	999	1.508	Pb2
0	1000	0.012	Pb2
# EventID	TrackID	TotalTrackLength_mm	FinalVolume
# EventID	TrackID	TotalTrackLength_mm	FinalVolume
# EventID	TrackID	TotalTrackLength_mm	FinalVolume
# EventID	TrackID	TotalTrackLength_mm	FinalVolume
# EventID	TrackID	TotalTrackLength_mm	FinalVolume
# EventID	TrackID	TotalTrackLength_mm	FinalVolume
# EventID	TrackID	TotalTrackLength_mm	FinalVolume
# EventID	TrackID	TotalTrackLength_mm	FinalVolume
# EventID	TrackID	TotalTrackLength_mm	FinalVolume
# EventID	TrackID	TotalTrackLength_mm	FinalVolume
# EventID	TrackID	TotalTrackLength_mm	FinalVolume
# EventID	TrackID	TotalTrackLength_mm	FinalVolume
# EventID	TrackID	TotalTrackLength_mm	FinalVolume
# EventID	TrackID	TotalTrackLength_mm	FinalVolume
# EventID	TrackID	TotalTrackLength_mm	FinalVolume
# EventID	TrackID	TotalTrackLength_mm	FinalVolume
# EventID	TrackID	TotalTrackLength_mm	FinalVolume
# EventID	TrackID	TotalTrackLength_mm	FinalVolume
# EventID	TrackID	TotalTrackLength_mm	FinalVolume
# EventID	TrackID	TotalTrackLength_mm	FinalVolume
# EventID	TrackID	TotalTrackLength_mm	FinalVolume
# EventID	TrackID	TotalTrackLength_mm	FinalVolume
# EventID	TrackID	TotalTrackLength_mm	FinalVolume
# EventID	TrackID	TotalTrackLength_mm	FinalVolume
# EventID	TrackID	TotalTrackLength_mm	FinalVolume
# EventID	TrackID	TotalTrackLength_mm	FinalVolume
# EventID	TrackID	TotalTrackLength_mm	FinalVolume
# EventID	TrackID	TotalTrackLength_mm	FinalVolume
# EventID	TrackID	TotalTrackLength_mm	FinalVolume
# EventID	TrackID	TotalTrackLength_mm	FinalVolume
# EventID	TrackID	TotalTrackLength_mm	FinalVolume
# EventID	TrackID	TotalTrackLength_mm	FinalVolume
# EventID	TrackID	TotalTrackLength_mm	FinalVolume
# EventID	TrackID	TotalTrackLength_mm	FinalVolume
# EventID	TrackID	TotalTrackLength_mm	FinalVolume
# EventID	TrackID	TotalTrackLength_mm	FinalVolume
# EventID	TrackID	TotalTrackLength_mm	FinalVolume
# EventID	TrackID	TotalTrackLength_mm	FinalVolume
# EventID	TrackID	TotalTrackLength_mm	FinalVolume
# EventID	TrackID	TotalTrackLength_mm	FinalVolume
# EventID	TrackID	TotalTrackLength_mm	FinalVolume
# EventID	TrackID	TotalTrackLength_mm	FinalVolume
# EventID	TrackID	TotalTrackLength_mm	FinalVolume
# EventID	TrackID	TotalTrackLength_mm	FinalVolume
# EventID	TrackID	TotalTrackLength_mm	FinalVolume
# EventID	TrackID	TotalTrackLength_mm	FinalVolume
# EventID	TrackID	TotalTrackLength_mm	FinalVolume
# EventID	TrackID	TotalTrackLength_mm	FinalVolume
